[HEADER]
VERSION=4

[_EXTENSION]
TORQUE_MODE_EX=2
2 broken on FWD/AWD, FFB bugs
FIX_PROGRESSIVE_RATE=1
USE_DWB2=1

[BASIC]
WHEELBASE=2.70256							; Wheelbase distance in meters (2.348)
CG_LOCATION=0.515

[ARB]
FRONT=23350
REAR=14875

[FRONT]
TYPE=DWB
BASEY=-0.070
TRACK=1.460
ROD_LENGTH=0.081
HUB_MASS=40
RIM_OFFSET=0.050
WBCAR_TOP_FRONT=0.3500,  0.1355, 0.0900
WBCAR_TOP_REAR=0.3500,  0.1430, -0.1100
WBCAR_BOTTOM_FRONT=0.3800,  -0.0860, 0.0200
WBCAR_BOTTOM_REAR=0.3900,  -0.0860, -0.2500
WBTYRE_TOP=0.18565,  0.1550, -0.01390
WBTYRE_BOTTOM=0.126695,  -0.0800, 0.013565
WBCAR_STEER=0.3800,  -0.0825, 0.1200
WBTYRE_STEER=0.10525,  -0.0750, 0.1500
TOE_OUT=-0.00022 ;+0.10
STATIC_CAMBER=-0.15 ;-0.10
SPRING_RATE=47100
PROGRESSIVE_SPRING_RATE=0
BUMP_STOP_LUT=suspensions_bumpstop_front.lut
BUMP_STOP_RATE=18910.122 ;42000
BUMP_STOP_PROGRESSIVE=0
BUMPSTOP_UP=0.17883755588
BUMPSTOP_DN=0.05961251862
PACKER_RANGE=0.16061251862
DAMP_BUMP=2557.36888 ;5680
DAMP_FAST_BUMP=812.234764 ;1804
DAMP_FAST_BUMPTHRESHOLD=0.07451564828 ;0.050
DAMP_REBOUND=4943.64618 ;10980
DAMP_FAST_REBOUND=2434.903328 ;5408
DAMP_FAST_REBOUNDTHRESHOLD=0.07451564828 ;0.050

[REAR]
TYPE=DWB
BASEY=-0.080
TRACK=1.460
ROD_LENGTH=0.081					
HUB_MASS=50
RIM_OFFSET=0.050
WBCAR_TOP_FRONT=0.3600,  0.1200, 0.0800
WBCAR_TOP_REAR=0.4000,  0.1300, -0.1550
WBCAR_BOTTOM_FRONT=0.2700, -0.0700, 0.3800
WBCAR_BOTTOM_REAR=0.4700, -0.1100, -0.1200
WBTYRE_TOP=0.1700,  0.1235, -0.0400
WBTYRE_BOTTOM=0.0900,  -0.1200, -0.0600
WBCAR_STEER=0.4700,  0.0100, 0.2300
WBTYRE_STEER=0.2875,  0.0050, 0.1700
TOE_OUT=-0.00020 ;+0.10
STATIC_CAMBER=-1.15
SPRING_RATE=35200
PROGRESSIVE_SPRING_RATE=0
BUMP_STOP_LUT=suspensions_bumpstop_rear.lut
BUMP_STOP_RATE=42000
BUMP_STOP_PROGRESSIVE=0
BUMPSTOP_UP=0.19607843137
BUMPSTOP_DN=0.05602240896
PACKER_RANGE=0.18503361344
DAMP_BUMP=2498.0004 ;4900
DAMP_FAST_BUMP=719.831952 ;1412
DAMP_FAST_BUMPTHRESHOLD=0.0700280112 ;0.050
DAMP_REBOUND=4598.35992 ;9020
DAMP_FAST_REBOUND=2077.928496 ;4076
DAMP_FAST_REBOUNDTHRESHOLD=0.0700280112 :0.050

[GRAPHICS_OFFSETS]
WHEEL_LF=-0.0					;Left front graphical offset of the wheel positioning in the x axis (width). + is left - is right movement
SUSP_LF=-0.0					;Left front graphical offset of the suspension positioning in the x axis (width). + is left - is right movement
WHEEL_RF=-0.0185					; Right front as above
SUSP_RF=-0.0185				; Right front as above
WHEEL_LR=-0.0					; Left rear as above
SUSP_LR=-0.0					; Left rear as above
WHEEL_RR=-0.0185					; Right rear as above
SUSP_RR=-0.0185			; Right rear as above

[DAMAGE]
MIN_VELOCITY=40				; MINUMUM VELOCITY TO START TAKING DAMAGE
GAIN=0.0004					; AMOUNT OF STEER ROD DEFLECTION FOR IMPACT KMH
MAX_DAMAGE=0.05			; MAXIMUM AMOUNT OF STEER ROD DEFLECTION ALLOWED
DEBUG_LOG=1					; ACTIVATES DAMAGE DEBUG IN THE LOG

